12.91075 -14.95057  
12.87873 -14.48106  
13.02304 -13.92856  
13.14408 -14.10594
14.72831 -16.25221
14.89437 -16.20368
14.73990 -16.10958
14.79101 -16.93586 
14.42284 -16.96538
14.47593 -16.40322 
14.33902 -16.41114
14.79779 -15.54451
13.81425 -16.44059
14.05663 -16.33534
13.83333 -16.70000
13.85223 -15.87600
14.24454 -16.27281
14.15517 -16.03744
13.78214 -16.46930
13.87780 -16.37287
14.49571 -16.06696 
14.12846 -15.74392
14.28492 -15.53425
13.82796 -15.40534
14.10520 -15.54158
13.98021 -14.80169
16.66006 -14.95933
16.40084 -14.32392
16.51011 -14.65004
14.76450 -17.36603
14.64177 -16.43470
14.71199 -15.90390
14.80385 -15.90537
13.95    -16.1666670
14.27025 -15.94061
13.74372 -15.77326
15.61418 -16.22868
15.833001 -16.223223
15.43917 -16.44059
15.27682 -16.52600
15.28201 -16.17133
15.27694 -15.72667
15.35588 -15.48297
15.39611 -15.11128
15.20084 -12.94499
15.14640 -14.10013
15.96508 -13.59431
16.45888 -15.69405
15.92264 -16.39642
16.03263 -16.48182
14.90267 -12.46385
14.45811 -12.21188
14.18587 -12.71638
13.77259 -13.67101
12.56046 -12.17471
12.63420 -12.81985
12.83637 -11.75523
13.66511 -14.28757
12.56415 -16.26398
12.80509 -16.23456
12.36140 -16.71462
12.51127 -16.60234
13.03962 -15.69405
12.78960 -15.55770
12.75878 -15.80188
